87073621618
87083519121
87788926030
87058102335
87474521172
87010121300
87081470741
87714726068
87718126076
87775046445
87016699699
87073753990
87789600530
87006622418
87015894927
87000800469
87470578851
87057013850
87715822022
87080170505
87057776705
87011880404
87075799159
87470507886
87085718839
87757012732
87711827232
87085686904
87026242372
87713111919
87787081449
87085337140
87475662648
87473796491
87473236054
87475400053
87712876239
87077533181
87479667383
87470508464
87064241920
87085617340
87021360596
87751239818
87002559411
87001697292
87025613146
87058253605
87055753414
87786444464
87132704743
87073330070
87005544000
87715786141
87754066790
87776715511
87773575522
87088880508
87773415522
87773485511
87771845522
87051211385
87473900888
87082395382
87001646456
87003999838
87778555353
87079095030
87474071313
87002478641
87472181400
87006754622
87750070727
87006069395
87010123390
87474799618
87470101504
87087285185
87082500004
87079190101
87002488085
87474859727
87272265564
87087209597
87082500114
87770336518
87479369767
87470101489
87078610101
87076467572
87772992962
87075785858
87711061888
87470101506
87771557570
87073274386
87066670000
87470101562
87015123343
87073747184
87780823113
87073004037
87711068777
87073457652
87476668576
87002474981
87789377455
87476621086
87078600101
87767007187
87478571031
87758187611
87086445296
87089092099
87005004088
87076466869
87711077073
87086859614
87476285826
87073457653
87075180800
87472284201
87474534497
87072502500
87476665386
87717522024
87073592427
87007577888
87781054811
87071140043
87006797521
87076538955
87073747186
87477738619
87771256178
87476384592
87770163804
87007929888
87081796213
87776485181
87073635823
87000256161
87066382728
87475822136
87075620101
87056861777
87077158415
87056205000
87476621085
87778272787
87770251660
87470101479
87064252309
87066457956
87066382726
87066414374
87018044734
87074460884
87066669697
87080222789
87473004037
87057406991
87479085954
87017527352
87081010199
87712421639
87058084555
87712077489
87717522020
87752170027
87717808885
87074742575
87760251660
87273798202
87010123420
87752654921
87055750266
87711315374
87711120894
87470101526
87001377171
87279722218
87081610544
87772385522
87053882717
87073410720
87087675867
87071297869
87073984500
87074315065
87272207034
87473757280
87053786844
87771256176
87760548452
87079287838
87476135754
87064252367
87478141009
87075114778
87086911757
87780017732
87077551116
87711505498
87006981787
87074190626
87470515420
87085725126
87754492216
87071755000
87779300022
87472292080
87009292952
87082367443
87083731544
87752458070
87074415203
87002210470
87071076050
87478688127
87054532378
87074460891
87473264599
87074015321
87474391911
87017873421
87086273184
87073998071
87475353893
87712421641
87471068447
87003221337
87788487713
87777941149
87071119229
87073733096
87712827595
87074562131
87475001719
87476808223
87771298069
87072030049
87770105410
87084921494
87073635824
87470482310
87082950158
87478308617
87002788490
87018113875
87058898884
87077505855
87068333651
87475538757
87001002858
87064004002
87008707001
87005444120
87786570200
87770104072
87075960505
87085902406
87087675255
87754883004
87056792800
87073273783
87759105373
87015550817
87758203606
87478796372
87066085636
87477778255
87755525407
87081777265
87071787131
87008707002
87782200077
87086203600
87086825228
87478250379
87751731502
87712393949
87767173364
87073595076
87084894150
87713547516
87075525006
87777056756
87072766963
87001104104
87066457939
87053889442
87476591715
87767353777
87082938450
87777989888
87002307764
87071999001
87477574824
87072992965
87020570154
87026346429
87476939234
87017872402
87058052113
87787597830
87077260404
87479956768
87073024090
87772222893
87478043125
87071777409
87075559737
87472424400
87074744774
87074708292
87081282860
87773450022
87470720989
87008707003
87767231083
87029131806
87079016616
87077204141
87064209908
87087139126
87077003262
87054740886
87476668605
87074212210
87072083800
87751731095
87026483556
87072070731
87016808590
87779777799
87000770072
87751731094
87471032535
87712265366
87066003080
87058688405
87002925698
87072020004
87011380161
87475545428
87777570077
87072399985
87757999831
87072532838
87016721271
87074312343
87015965425
87761026792
87753224772
87075084214
87272610601
87059527999
87777144444
87754967414
87474692388
87473063002
87014064290
87474203354
87079502676
87754444405
87766778888
87082779777
87471848238
87772099003
87715519098
87074315052
87786697316
87474492016
87078258555
87473578359
87002662692
87473658645
87026660780
87007277017
87086106878
87071346606
87089303802
87029550005
87058679128
87776119191
87007196607
87072117533
87071707999
87781178367
87074207848
87074706623
87753996666
87471119569
87019371994
87088167792
87470319841
87072107685
87077630617
87470557293
87478071888
87077261414
87074325953
87066200379
87477581080
87089560448
87088008981
87775774455
87076737247
87075560375
87051619107
87072150504
87470557294
87071590112
87771227257
87478782548
87000855505
87081000672
87001854005
87006649648
87058501858
87714662997
87079280717
87476079835
87475044704
87002538495
87471112838
87470557160
87079970518
87002129612
87074173885
87072913990
87470557159
87476471111
87085725045
87071017393
87077006087
87711854308
87051264796
87073290197
87759531044
87750321647
87752221223
87002409938
87071234517
87071865022
87073031112
87016360777
87475289313
87772221223
87755099866
87756138079
87021970962
87474598452
87021325962
87087758787
87015702098
87057726061
87475420420
87751894522
87757581738
87472572727
87085360456
87054852677
87712319702
87073301763
87002787740
87075823777
87071173303
87071233216
87028097864
87476660077
87075031044
87757470827
87002787660
87079978500
87077001001
87075441111
87051913336
87760008000
87474802082
87073294922
87052375422
87754129096
87766666906
87082500113
87013148545
87787118866
87473999597
87715848444
87786767369
87757741981
87785469369
87755078300
87750322888
87789135201
87089090953
87474442787
87076332020
87058723792
87055306500
87056680606
87476760918
87781990332
87085953816
87059036637
87007216054
87757767241
87087169346
87475141914
87018771757
87054288884
87086826216
87755780431
87752509979
87783206757
87027513011
87058147539
5757 (едина
87021596052
87027819002
87002787688
87058112693
87087506904
87772434427
87054348876
87059827502
87058723771
87064239095
87058112692
87070142947
87021597635
87001101613
87771306600
87079533867
87058723758
87758284874
87759482944
87066060544
87051850614
87760303334
87085869557
87478669999
87058723791
87752509949
87072002501
87017051710
87021566000
87056051334
87028607606
87056203699
87780018528
87058150203
87004349285
87019449655
87783619802
87750196952
87789129080
87086358917
87058470281
87081049006
87760303331
87052977253
87001554676
87172325963
87051628180
87059856393
87007379227
87781970695
87784473994
87056317210
87750422888
87081438708
87056826555
87775751171
87474854110
87006439141
87779741610
87024877707
87054238374
87754186525
87051817606
87475553651
87001100368
87757365444
87053392090
87051092800
87716044483
87789888181
87781172765
87077700122
87025100409
87780457260
87776872299
87073220103
87711284062
87077774253
87058920595
87071655588
87753022521
87473729217
87058000151
87056331998
87012992722
87750001535
87759775777
87789144028
87751690044
87770660690
87756807999
5757 (едины
87022313235
87077444027
87002005556
87474745234
87079096021
87755185547
87007888961
87781512761
87479707768
2121 (конта
87474746378
87058880812
87054930461
87075059705
87055225874
87770660099
87004007800
87055225714
87086540411
87021057128
87780664610
87055225724
87781070798
87003633019
87002888968
87783333434
87478596814
87085033968
87071356976
87055225769
87027834334
87052168874
87076070402
87007709966
87769990038
88000801080
87052135751
87074387818
87073835846
87789283832
87712557522
87471928258
87478385065
87079098070
87752311188
87066659975
87715800808
87021057441
87087048166
87789301008
87081157511
87072109920
87004204207
87474835593
87076862594
87784590779
87750738111
87759511406
87212345820
87477403943
87787507416
87000290297
87753335879
87473089257
87751846729
87001138749
87767211825
87085213787
87783595304
87056209111
87078134623
87765256206
87058087201
87059788570
87713778701
87759470201
87022171246
87081336567
87055444800
87082531059
87056524222
87002905660
87009833076
87471499997
87015373382
87715046294
87759501004
87712780800
87789399935
87778995856
87470736472
87078461777
87058977012
87009801937
87775800606
87754564046
87064073911
87775201188
87779742915
87479667210
5757 (горяч
87142560000
87478069434
87783833781
87087453863
87473173070
87073230123
87055243469
87055442964
87719290003
87071401314
87070157182
87772891141
87001001400
87059521372
87006453609
87772997509
87771443336
87714206699
87054861348
87058427181
87474541419
87059521346
87051979937
87076366353
87478087989
87055440235
87059635189
87075762304
87085044006
87066607182
87761946848
87055439483
87025274383
87052506498
87751730004
87072041419
87055442152
87068122733
87770682756
87070316330
87478723120
87774502273
87089875346
87014853414
87002656960
87056001230
87182551785
87064160803
87477374808
87058330001
87079596974
87719040900
87074024242
87712315261
87074242252
87777638000
87079784019
87079181313
5757 (конта
87082299899
87770099505
87760130418
87056500147
87713910000
87779899960
87751778710
87055532413
87473050026
87715827076
87778337310
87470373768
87052900518
87472873637
87083093603
87079884080
87077000032
87071205205
87078871702
87009910732
87476998617
87083662867
87770099143
87476844130
87072750506
87076116458
87076159909
87070141924
87765423705
87088410985
87055658106
87713434321
87052073595
87780429306
87754728297
87473920028
87056249410
87769453999
87000532007
87760701300
87718869360
87071275357
87075671616
87007541018
87057273562
87064090023
87774699212
87054118312
87016291200
87769066000
87076230069
87074266906
87066558560
87781776711
87074267449
87774188040
87712984350
87007457100
87002552201
87002641528
87058842048
87071320436
87002433190
87475456871
87715223369
87770099302
87475368189
87473765919
87774187856
87075894010
87058981034
87771362816
87075555499
87775866938
87479110016
87711766545
87712076074
87713353569
87764743336
87771043336
87715374427
87763300002
87054453502
87051433270
87781817918
87052259667
87055297169
87719090303
87756464234
87053398466
87087481283
87002494444
87058179222
87052572535
87076869282
87474322193
87764608619
87779892467
87712076075
87772517659
87071430187
87064271520
87059701750
87053073983
87711331645
87087310231
88000800820
87712911420
87716005060
87784742004
87058687932
87085298102
87055425604
87760118511
87775412539
87770635901
87772782020
87756230010
87058687931
87024683706
87477009995
87072006706
87479110856
87075301385
87473411342
87013180018
87021610019
87711981420
87781797979
87756325381
87006190909
87005071313
87089453999
87083504159
87027178306
87085973361
87001001224
87054953849
87004010911
87017130192
87057001332
87006662010
87714340003
87070602626
87781224436
87077057881
87712190929
87711983742
87761001300
87077409606
87053620997
87476129047
87051414145
87052856460
87058933613
87711306076
87719957950
87770303022
87051550338
87007242211
87005757477
87005617000
87089869083
87711349439
87760176688
87055188818
87051054615
87768757875
87010179666
87002729377
87079779525
87759777799
87056289683
